function dy = func1(t,x)
dy=zeros(4,1);
dy(1)=x(2);
dy(2)=-1.718342571637506*x(2)+1.612504001025553*x(4)-17.988658969966224*x(1)+12.900032008204422*x(3)+1.007815000640970*cos(1.4005*t)-2.605258214296944;
dy(3)=x(4);
dy(4)=4.1102*x(2)-4.1102*x(4)+32.8812*x(1)-32.8812*x(3)+6.6406;
end